(kicad_pcb (version 20171130) (host pcbnew "(5.1.5)-3")

  (general
    (thickness 0.8)
    (drawings 39)
    (tracks 886)
    (zones 0)
    (modules 18)
    (nets 57)
  )

  (page A4)
  (layers
    (0 F.Cu signal)
    (31 B.Cu signal)
    (32 B.Adhes user)
    (33 F.Adhes user)
    (34 B.Paste user)
    (35 F.Paste user)
    (36 B.SilkS user)
    (37 F.SilkS user)
    (38 B.Mask user)
    (39 F.Mask user)
    (40 Dwgs.User user)
    (41 Cmts.User user)
    (42 Eco1.User user)
    (43 Eco2.User user)
    (44 Edge.Cuts user)
    (45 Margin user)
    (46 B.CrtYd user)
    (47 F.CrtYd user)
    (48 B.Fab user)
    (49 F.Fab user)
  )

  (setup
    (last_trace_width 0.25)
    (trace_clearance 0.2)
    (zone_clearance 0.508)
    (zone_45_only no)
    (trace_min 0.2)
    (via_size 0.8)
    (via_drill 0.4)
    (via_min_size 0.4)
    (via_min_drill 0.3)
    (uvia_size 0.3)
    (uvia_drill 0.1)
    (uvias_allowed no)
    (uvia_min_size 0.2)
    (uvia_min_drill 0.1)
    (edge_width 0.2)
    (segment_width 0.2)
    (pcb_text_width 0.3)
    (pcb_text_size 1.5 1.5)
    (mod_edge_width 0.15)
    (mod_text_size 1 1)
    (mod_text_width 0.15)
    (pad_size 1.524 1.524)
    (pad_drill 0.762)
    (pad_to_mask_clearance 0.0508)
    (solder_mask_min_width 0.25)
    (aux_axis_origin 0 0)
    (visible_elements 7FFFEFFF)
    (pcbplotparams
      (layerselection 0x3ffff_ffffffff)
      (usegerberextensions false)
      (usegerberattributes false)
      (usegerberadvancedattributes false)
      (creategerberjobfile false)
      (excludeedgelayer true)
      (linewidth 0.100000)
      (plotframeref false)
      (viasonmask false)
      (mode 1)
      (useauxorigin false)
      (hpglpennumber 1)
      (hpglpenspeed 20)
      (hpglpendiameter 15.000000)
      (psnegative false)
      (psa4output false)
      (plotreference true)
      (plotvalue true)
      (plotinvisibletext false)
      (padsonsilk false)
      (subtractmaskfromsilk false)
      (outputformat 1)
      (mirror false)
      (drillshape 0)
      (scaleselection 1)
      (outputdirectory "gerbers/"))
  )

  (net 0 "")
  (net 1 GND)
  (net 2 "Net-(R3-Pad2)")
  (net 3 "Net-(B1-Pad1)")
  (net 4 "Net-(U1-Pad21)")
  (net 5 "Net-(C5-Pad2)")
  (net 6 "Net-(U0-Pad31)")
  (net 7 "Net-(U2-Pad5)")
  (net 8 "Net-(U2-Pad7)")
  (net 9 "Net-(U4-Pad13)")
  (net 10 "Net-(U4-Pad42)")
  (net 11 VCC)
  (net 12 XIN)
  (net 13 PWR)
  (net 14 AA14)
  (net 15 A12)
  (net 16 A7)
  (net 17 A6)
  (net 18 A5)
  (net 19 A4)
  (net 20 A3)
  (net 21 A2)
  (net 22 A1)
  (net 23 A0)
  (net 24 D0)
  (net 25 D1)
  (net 26 D2)
  (net 27 D3)
  (net 28 D4)
  (net 29 D5)
  (net 30 D6)
  (net 31 D7)
  (net 32 "#CE")
  (net 33 A10)
  (net 34 \RD)
  (net 35 A11)
  (net 36 A9)
  (net 37 A8)
  (net 38 AA13)
  (net 39 \WR)
  (net 40 XOUT)
  (net 41 CLK)
  (net 42 CS)
  (net 43 A13)
  (net 44 A14)
  (net 45 A15)
  (net 46 RESET)
  (net 47 \RST)
  (net 48 RA14)
  (net 49 RA17)
  (net 50 RA18)
  (net 51 RA20)
  (net 52 \RAMCS)
  (net 53 RA19)
  (net 54 RA16)
  (net 55 RA15)
  (net 56 "Net-(U4-Pad45)")

  (net_class Default "This is the default net class."
    (clearance 0.2)
    (trace_width 0.25)
    (via_dia 0.8)
    (via_drill 0.4)
    (uvia_dia 0.3)
    (uvia_drill 0.1)
    (add_net "#CE")
    (add_net A0)
    (add_net A1)
    (add_net A10)
    (add_net A11)
    (add_net A12)
    (add_net A13)
    (add_net A14)
    (add_net A15)
    (add_net A2)
    (add_net A3)
    (add_net A4)
    (add_net A5)
    (add_net A6)
    (add_net A7)
    (add_net A8)
    (add_net A9)
    (add_net AA13)
    (add_net AA14)
    (add_net CLK)
    (add_net CS)
    (add_net D0)
    (add_net D1)
    (add_net D2)
    (add_net D3)
    (add_net D4)
    (add_net D5)
    (add_net D6)
    (add_net D7)
    (add_net GND)
    (add_net "Net-(B1-Pad1)")
    (add_net "Net-(C5-Pad2)")
    (add_net "Net-(R3-Pad2)")
    (add_net "Net-(U0-Pad31)")
    (add_net "Net-(U1-Pad21)")
    (add_net "Net-(U2-Pad5)")
    (add_net "Net-(U2-Pad7)")
    (add_net "Net-(U4-Pad13)")
    (add_net "Net-(U4-Pad42)")
    (add_net "Net-(U4-Pad45)")
    (add_net PWR)
    (add_net RA14)
    (add_net RA15)
    (add_net RA16)
    (add_net RA17)
    (add_net RA18)
    (add_net RA19)
    (add_net RA20)
    (add_net RESET)
    (add_net VCC)
    (add_net XIN)
    (add_net XOUT)
    (add_net \RAMCS)
    (add_net \RD)
    (add_net \RST)
    (add_net \WR)
  )

  (module Custom:AM29F0XX (layer F.Cu) (tedit 5D8888E4) (tstamp 5EAE0683)
    (at 158.966 106.032 270)
    (descr "TSOP I, 32 pins, 18.4x8mm body (https://www.micron.com/~/media/documents/products/technical-note/nor-flash/tn1225_land_pad_design.pdf)")
    (tags "TSOP I 32")
    (path /5D1B622C)
    (attr smd)
    (fp_text reference U4 (at 0 -7 90) (layer F.SilkS)
      (effects (font (size 1 1) (thickness 0.15)))
    )
    (fp_text value AM29F016 (at 0 7 90) (layer F.Fab)
      (effects (font (size 1 1) (thickness 0.15)))
    )
    (fp_line (start -8.2 -6) (end 9.2 -6) (layer F.Fab) (width 0.1))
    (fp_line (start -9.2 6) (end -9.2 -5) (layer F.Fab) (width 0.1))
    (fp_line (start 9.2 6) (end -9.2 6) (layer F.Fab) (width 0.1))
    (fp_line (start 9.2 -6) (end 9.2 6) (layer F.Fab) (width 0.1))
    (fp_text user AM29F0XX (at 0 0 90) (layer F.Fab)
      (effects (font (size 1 1) (thickness 0.15)))
    )
    (fp_line (start -8.2 -6) (end -9.2 -5) (layer F.Fab) (width 0.1))
    (fp_line (start 9.2 -6.12) (end -10.2 -6.12) (layer F.SilkS) (width 0.1))
    (fp_line (start -9.2 6.12) (end 9.2 6.12) (layer F.SilkS) (width 0.12))
    (fp_line (start -10.55 -6.25) (end 10.55 -6.25) (layer F.CrtYd) (width 0.05))
    (fp_line (start 10.55 -6.25) (end 10.55 6.25) (layer F.CrtYd) (width 0.05))
    (fp_line (start 10.55 6.25) (end -10.55 6.25) (layer F.CrtYd) (width 0.05))
    (fp_line (start -10.55 6.25) (end -10.55 -6.25) (layer F.CrtYd) (width 0.05))
    (fp_text user %R (at 0 0 90) (layer F.Fab)
      (effects (font (size 1 1) (thickness 0.15)))
    )
    (pad "25 | 26" smd rect (at 9.75 5.5 270) (size 1.1 0.75) (layers F.Cu F.Paste F.Mask))
    (pad "47 | 48" smd rect (at 9.75 -5.5 270) (size 1.1 0.75) (layers F.Cu F.Paste F.Mask))
    (pad "23 | 24" smd rect (at -9.75 5.5 270) (size 1.1 0.75) (layers F.Cu F.Paste F.Mask))
    (pad "1 | 2" smd rect (at -9.75 -5.5 270) (size 1.1 0.75) (layers F.Cu F.Paste F.Mask))
    (pad 46 smd rect (at 9.75 -4.75 270) (size 1.1 0.25) (layers F.Cu F.Paste F.Mask)
      (net 51 RA20))
    (pad 45 smd rect (at 9.75 -4.25 270) (size 1.1 0.25) (layers F.Cu F.Paste F.Mask)
      (net 56 "Net-(U4-Pad45)"))
    (pad 44 smd rect (at 9.75 -3.75 270) (size 1.1 0.25) (layers F.Cu F.Paste F.Mask)
      (net 39 \WR))
    (pad 43 smd rect (at 9.75 -3.25 270) (size 1.1 0.25) (layers F.Cu F.Paste F.Mask)
      (net 34 \RD))
    (pad 42 smd rect (at 9.75 -2.75 270) (size 1.1 0.25) (layers F.Cu F.Paste F.Mask)
      (net 10 "Net-(U4-Pad42)"))
    (pad 41 smd rect (at 9.75 -2.25 270) (size 1.1 0.25) (layers F.Cu F.Paste F.Mask)
      (net 31 D7))
    (pad 40 smd rect (at 9.75 -1.75 270) (size 1.1 0.25) (layers F.Cu F.Paste F.Mask)
      (net 30 D6))
    (pad 39 smd rect (at 9.75 -1.25 270) (size 1.1 0.25) (layers F.Cu F.Paste F.Mask)
      (net 29 D5))
    (pad 38 smd rect (at 9.75 -0.75 270) (size 1.1 0.25) (layers F.Cu F.Paste F.Mask)
      (net 28 D4))
    (pad 37 smd rect (at 9.75 -0.25 270) (size 1.1 0.25) (layers F.Cu F.Paste F.Mask)
      (net 11 VCC))
    (pad 36 smd rect (at 9.75 0.25 270) (size 1.1 0.25) (layers F.Cu F.Paste F.Mask)
      (net 1 GND))
    (pad 35 smd rect (at 9.75 0.75 270) (size 1.1 0.25) (layers F.Cu F.Paste F.Mask)
      (net 1 GND))
    (pad 34 smd rect (at 9.75 1.25 270) (size 1.1 0.25) (layers F.Cu F.Paste F.Mask)
      (net 27 D3))
    (pad 33 smd rect (at 9.75 1.75 270) (size 1.1 0.25) (layers F.Cu F.Paste F.Mask)
      (net 26 D2))
    (pad 32 smd rect (at 9.75 2.25 270) (size 1.1 0.25) (layers F.Cu F.Paste F.Mask)
      (net 25 D1))
    (pad 31 smd rect (at 9.75 2.75 270) (size 1.1 0.25) (layers F.Cu F.Paste F.Mask)
      (net 24 D0))
    (pad 30 smd rect (at 9.75 3.25 270) (size 1.1 0.25) (layers F.Cu F.Paste F.Mask)
      (net 23 A0))
    (pad 29 smd rect (at 9.75 3.75 270) (size 1.1 0.25) (layers F.Cu F.Paste F.Mask)
      (net 22 A1))
    (pad 28 smd rect (at 9.75 4.25 270) (size 1.1 0.25) (layers F.Cu F.Paste F.Mask)
      (net 21 A2))
    (pad 27 smd rect (at 9.75 4.75 270) (size 1.1 0.25) (layers F.Cu F.Paste F.Mask)
      (net 20 A3))
    (pad 22 smd rect (at -9.75 4.75 270) (size 1.1 0.25) (layers F.Cu F.Paste F.Mask)
      (net 19 A4))
    (pad 21 smd rect (at -9.75 4.25 270) (size 1.1 0.25) (layers F.Cu F.Paste F.Mask)
      (net 18 A5))
    (pad 20 smd rect (at -9.75 3.75 270) (size 1.1 0.25) (layers F.Cu F.Paste F.Mask)
      (net 17 A6))
    (pad 19 smd rect (at -9.75 3.25 270) (size 1.1 0.25) (layers F.Cu F.Paste F.Mask)
      (net 16 A7))
    (pad 18 smd rect (at -9.75 2.75 270) (size 1.1 0.25) (layers F.Cu F.Paste F.Mask)
      (net 37 A8))
    (pad 17 smd rect (at -9.75 2.25 270) (size 1.1 0.25) (layers F.Cu F.Paste F.Mask)
      (net 36 A9))
    (pad 16 smd rect (at -9.75 1.75 270) (size 1.1 0.25) (layers F.Cu F.Paste F.Mask)
      (net 33 A10))
    (pad 15 smd rect (at -9.75 1.25 270) (size 1.1 0.25) (layers F.Cu F.Paste F.Mask)
      (net 35 A11))
    (pad 14 smd rect (at -9.75 0.75 270) (size 1.1 0.25) (layers F.Cu F.Paste F.Mask)
      (net 46 RESET))
    (pad 13 smd rect (at -9.75 0.25 270) (size 1.1 0.25) (layers F.Cu F.Paste F.Mask)
      (net 9 "Net-(U4-Pad13)"))
    (pad 12 smd rect (at -9.75 -0.25 270) (size 1.1 0.25) (layers F.Cu F.Paste F.Mask)
      (net 11 VCC))
    (pad 11 smd rect (at -9.75 -0.75 270) (size 1.1 0.25) (layers F.Cu F.Paste F.Mask)
      (net 45 A15))
    (pad 10 smd rect (at -9.75 -1.25 270) (size 1.1 0.25) (layers F.Cu F.Paste F.Mask)
      (net 15 A12))
    (pad 9 smd rect (at -9.75 -1.75 270) (size 1.1 0.25) (layers F.Cu F.Paste F.Mask)
      (net 43 A13))
    (pad 8 smd rect (at -9.75 -2.25 270) (size 1.1 0.25) (layers F.Cu F.Paste F.Mask)
      (net 48 RA14))
    (pad 7 smd rect (at -9.75 -2.75 270) (size 1.1 0.25) (layers F.Cu F.Paste F.Mask)
      (net 55 RA15))
    (pad 6 smd rect (at -9.75 -3.25 270) (size 1.1 0.25) (layers F.Cu F.Paste F.Mask)
      (net 54 RA16))
    (pad 5 smd rect (at -9.75 -3.75 270) (size 1.1 0.25) (layers F.Cu F.Paste F.Mask)
      (net 49 RA17))
    (pad 4 smd rect (at -9.75 -4.25 270) (size 1.1 0.25) (layers F.Cu F.Paste F.Mask)
      (net 50 RA18))
    (pad 3 smd rect (at -9.75 -4.75 270) (size 1.1 0.25) (layers F.Cu F.Paste F.Mask)
      (net 53 RA19))
    (model ${KISYS3DMOD}/Package_SO.3dshapes/TSOP-I-48_18.4x12mm_P0.5mm.wrl
      (at (xyz 0 0 0))
      (scale (xyz 1 1 1))
      (rotate (xyz 0 0 0))
    )
  )

  (module Custom:BK-6219-TR (layer F.Cu) (tedit 5EB49CF1) (tstamp 5EAE11C7)
    (at 154.686 83.058)
    (path /5BF06F96)
    (fp_text reference B1 (at 0.17272 -7.46434) (layer F.SilkS)
      (effects (font (size 1 1) (thickness 0.15)))
    )
    (fp_text value Battery_Cell (at 0.17272 -12.49934) (layer F.Fab)
      (effects (font (size 1 1) (thickness 0.15)))
    )
    (pad 2 smd circle (at 0 0) (size 12.7 12.7) (layers F.Cu F.Paste F.Mask)
      (net 1 GND))
    (pad 1 smd rect (at -10.985 0) (size 2.79 5.08) (layers F.Cu F.Paste F.Mask)
      (net 3 "Net-(B1-Pad1)"))
    (pad 1 smd rect (at 10.985 0) (size 2.79 5.08) (layers F.Cu F.Paste F.Mask)
      (net 3 "Net-(B1-Pad1)"))
    (model ${KISYS3DMOD}/Custom.3dshapes/BK-6219-TR.STEP
      (at (xyz 0 0 0))
      (scale (xyz 1 1 1))
      (rotate (xyz -90 0 180))
    )
  )

  (module Custom:Resonator_SMD_muRata_CDSCB-2pin_4.5x2.0mm_HandSoldering locked (layer F.Cu) (tedit 5EB49C26) (tstamp 5C77CC50)
    (at 121.666 75.692 90)
    (descr "SMD Resomator/Filter Murata CDSCB, http://cdn-reichelt.de/documents/datenblatt/B400/SFECV-107.pdf, hand-soldering, 4.5x2.0mm^2 package")
    (tags "SMD SMT ceramic resonator filter filter hand-soldering")
    (path /5BD88FC9)
    (attr smd)
    (fp_text reference Y1 (at -2.286 0 180) (layer F.SilkS)
      (effects (font (size 1 1) (thickness 0.15)))
    )
    (fp_text value Crystal (at -0.0381 6.06044 180) (layer F.Fab)
      (effects (font (size 1 1) (thickness 0.15)))
    )
    (fp_text user %R (at 0 0 270) (layer F.Fab)
      (effects (font (size 1 1) (thickness 0.15)))
    )
    (pad 1 smd rect (at -1 0 90) (size 1 4.55) (layers F.Cu F.Paste F.Mask)
      (net 5 "Net-(C5-Pad2)"))
    (pad 2 smd rect (at 1 0 90) (size 1 4.55) (layers F.Cu F.Paste F.Mask)
      (net 12 XIN))
    (model ${KISYS3DMOD}/Crystals.3dshapes/Resonator_SMD_muRata_CDSCB-2pin_4.5x2.0mm_HandSoldering.wrl
      (at (xyz 0 0 0))
      (scale (xyz 1 1 1))
      (rotate (xyz 0 0 0))
    )
    (model ${KISYS3DMOD}/Crystal.3dshapes/Crystal_DS26_D2.0mm_L6.0mm_Vertical.wrl
      (offset (xyz -1 -2 0))
      (scale (xyz 1 1 1))
      (rotate (xyz -90 0 0))
    )
  )

  (module Package_SO:TSOP-6_1.65x3.05mm_P0.95mm (layer F.Cu) (tedit 5A02F25C) (tstamp 5C77E147)
    (at 120.142 104.14)
    (descr "TSOP-6 package (comparable to TSOT-23), https://www.vishay.com/docs/71200/71200.pdf")
    (tags "Jedec MO-193C TSOP-6L")
    (path /5BCB6CA8)
    (attr smd)
    (fp_text reference U3 (at 0 -2.45) (layer F.SilkS)
      (effects (font (size 1 1) (thickness 0.15)))
    )
    (fp_text value 74LVC1G332GW,125 (at 0 2.5) (layer F.Fab)
      (effects (font (size 1 1) (thickness 0.15)))
    )
    (fp_line (start 1.76 1.77) (end -1.76 1.77) (layer F.CrtYd) (width 0.05))
    (fp_line (start 1.76 1.77) (end 1.76 -1.78) (layer F.CrtYd) (width 0.05))
    (fp_line (start -1.76 -1.78) (end -1.76 1.77) (layer F.CrtYd) (width 0.05))
    (fp_line (start -1.76 -1.78) (end 1.76 -1.78) (layer F.CrtYd) (width 0.05))
    (fp_line (start 0.825 -1.525) (end 0.825 1.525) (layer F.Fab) (width 0.1))
    (fp_line (start 0.825 1.525) (end -0.825 1.525) (layer F.Fab) (width 0.1))
    (fp_line (start -0.825 -1.1) (end -0.825 1.525) (layer F.Fab) (width 0.1))
    (fp_line (start 0.825 -1.525) (end -0.425 -1.525) (layer F.Fab) (width 0.1))
    (fp_line (start -0.825 -1.1) (end -0.425 -1.525) (layer F.Fab) (width 0.1))
    (fp_line (start 0.8 -1.6) (end -1.5 -1.6) (layer F.SilkS) (width 0.12))
    (fp_line (start -0.8 1.6) (end 0.8 1.6) (layer F.SilkS) (width 0.12))
    (fp_text user %R (at 0 0 90) (layer F.Fab)
      (effects (font (size 0.5 0.5) (thickness 0.075)))
    )
    (pad 6 smd rect (at 1.16 -0.95) (size 0.7 0.51) (layers F.Cu F.Paste F.Mask)
      (net 42 CS))
    (pad 5 smd rect (at 1.16 0) (size 0.7 0.51) (layers F.Cu F.Paste F.Mask)
      (net 11 VCC))
    (pad 4 smd rect (at 1.16 0.95) (size 0.7 0.51) (layers F.Cu F.Paste F.Mask)
      (net 32 "#CE"))
    (pad 3 smd rect (at -1.16 0.95) (size 0.7 0.51) (layers F.Cu F.Paste F.Mask)
      (net 41 CLK))
    (pad 2 smd rect (at -1.16 0) (size 0.7 0.51) (layers F.Cu F.Paste F.Mask)
      (net 1 GND))
    (pad 1 smd rect (at -1.16 -0.95) (size 0.7 0.51) (layers F.Cu F.Paste F.Mask)
      (net 52 \RAMCS))
    (model ${KISYS3DMOD}/Package_SO.3dshapes/TSOP-6_1.65x3.05mm_P0.95mm.wrl
      (at (xyz 0 0 0))
      (scale (xyz 1 1 1))
      (rotate (xyz 0 0 0))
    )
  )

  (module Package_SO:SOIC-28W_7.5x17.9mm_P1.27mm (layer F.Cu) (tedit 5C97300E) (tstamp 5D1CF7E8)
    (at 130.861 107.239)
    (descr "SOIC, 28 Pin (JEDEC MS-013AE, https://www.analog.com/media/en/package-pcb-resources/package/35833120341221rw_28.pdf), generated with kicad-footprint-generator ipc_gullwing_generator.py")
    (tags "SOIC SO")
    (path /5BCB6AB8)
    (attr smd)
    (fp_text reference M1 (at -0.0002 -0.0002 90) (layer F.SilkS)
      (effects (font (size 1 1) (thickness 0.15)))
    )
    (fp_text value FM18W08 (at 0 10.05) (layer F.Fab)
      (effects (font (size 1 1) (thickness 0.15)))
    )
    (fp_text user %R (at 0 0) (layer F.Fab)
      (effects (font (size 1 1) (thickness 0.15)))
    )
    (fp_line (start 5.93 -9.2) (end -5.93 -9.2) (layer F.CrtYd) (width 0.05))
    (fp_line (start 5.93 9.2) (end 5.93 -9.2) (layer F.CrtYd) (width 0.05))
    (fp_line (start -5.93 9.2) (end 5.93 9.2) (layer F.CrtYd) (width 0.05))
    (fp_line (start -5.93 -9.2) (end -5.93 9.2) (layer F.CrtYd) (width 0.05))
    (fp_line (start -3.75 -7.95) (end -2.75 -8.95) (layer F.Fab) (width 0.1))
    (fp_line (start -3.75 8.95) (end -3.75 -7.95) (layer F.Fab) (width 0.1))
    (fp_line (start 3.75 8.95) (end -3.75 8.95) (layer F.Fab) (width 0.1))
    (fp_line (start 3.75 -8.95) (end 3.75 8.95) (layer F.Fab) (width 0.1))
    (fp_line (start -2.75 -8.95) (end 3.75 -8.95) (layer F.Fab) (width 0.1))
    (fp_line (start -3.86 -8.815) (end -5.675 -8.815) (layer F.SilkS) (width 0.12))
    (fp_line (start -3.86 -9.06) (end -3.86 -8.815) (layer F.SilkS) (width 0.12))
    (fp_line (start 0 -9.06) (end -3.86 -9.06) (layer F.SilkS) (width 0.12))
    (fp_line (start 3.86 -9.06) (end 3.86 -8.815) (layer F.SilkS) (width 0.12))
    (fp_line (start 0 -9.06) (end 3.86 -9.06) (layer F.SilkS) (width 0.12))
    (fp_line (start -3.86 9.06) (end -3.86 8.815) (layer F.SilkS) (width 0.12))
    (fp_line (start 0 9.06) (end -3.86 9.06) (layer F.SilkS) (width 0.12))
    (fp_line (start 3.86 9.06) (end 3.86 8.815) (layer F.SilkS) (width 0.12))
    (fp_line (start 0 9.06) (end 3.86 9.06) (layer F.SilkS) (width 0.12))
    (pad 28 smd roundrect (at 4.65 -8.255) (size 2.05 0.6) (layers F.Cu F.Paste F.Mask) (roundrect_rratio 0.25)
      (net 11 VCC))
    (pad 27 smd roundrect (at 4.65 -6.985) (size 2.05 0.6) (layers F.Cu F.Paste F.Mask) (roundrect_rratio 0.25)
      (net 39 \WR))
    (pad 26 smd roundrect (at 4.65 -5.715) (size 2.05 0.6) (layers F.Cu F.Paste F.Mask) (roundrect_rratio 0.25)
      (net 38 AA13))
    (pad 25 smd roundrect (at 4.65 -4.445) (size 2.05 0.6) (layers F.Cu F.Paste F.Mask) (roundrect_rratio 0.25)
      (net 37 A8))
    (pad 24 smd roundrect (at 4.65 -3.175) (size 2.05 0.6) (layers F.Cu F.Paste F.Mask) (roundrect_rratio 0.25)
      (net 36 A9))
    (pad 23 smd roundrect (at 4.65 -1.905) (size 2.05 0.6) (layers F.Cu F.Paste F.Mask) (roundrect_rratio 0.25)
      (net 35 A11))
    (pad 22 smd roundrect (at 4.65 -0.635) (size 2.05 0.6) (layers F.Cu F.Paste F.Mask) (roundrect_rratio 0.25)
      (net 34 \RD))
    (pad 21 smd roundrect (at 4.65 0.635) (size 2.05 0.6) (layers F.Cu F.Paste F.Mask) (roundrect_rratio 0.25)
      (net 33 A10))
    (pad 20 smd roundrect (at 4.65 1.905) (size 2.05 0.6) (layers F.Cu F.Paste F.Mask) (roundrect_rratio 0.25)
      (net 32 "#CE"))
    (pad 19 smd roundrect (at 4.65 3.175) (size 2.05 0.6) (layers F.Cu F.Paste F.Mask) (roundrect_rratio 0.25)
      (net 31 D7))
    (pad 18 smd roundrect (at 4.65 4.445) (size 2.05 0.6) (layers F.Cu F.Paste F.Mask) (roundrect_rratio 0.25)
      (net 30 D6))
    (pad 17 smd roundrect (at 4.65 5.715) (size 2.05 0.6) (layers F.Cu F.Paste F.Mask) (roundrect_rratio 0.25)
      (net 29 D5))
    (pad 16 smd roundrect (at 4.65 6.985) (size 2.05 0.6) (layers F.Cu F.Paste F.Mask) (roundrect_rratio 0.25)
      (net 28 D4))
    (pad 15 smd roundrect (at 4.65 8.255) (size 2.05 0.6) (layers F.Cu F.Paste F.Mask) (roundrect_rratio 0.25)
      (net 27 D3))
    (pad 14 smd roundrect (at -4.65 8.255) (size 2.05 0.6) (layers F.Cu F.Paste F.Mask) (roundrect_rratio 0.25)
      (net 1 GND))
    (pad 13 smd roundrect (at -4.65 6.985) (size 2.05 0.6) (layers F.Cu F.Paste F.Mask) (roundrect_rratio 0.25)
      (net 26 D2))
    (pad 12 smd roundrect (at -4.65 5.715) (size 2.05 0.6) (layers F.Cu F.Paste F.Mask) (roundrect_rratio 0.25)
      (net 25 D1))
    (pad 11 smd roundrect (at -4.65 4.445) (size 2.05 0.6) (layers F.Cu F.Paste F.Mask) (roundrect_rratio 0.25)
      (net 24 D0))
    (pad 10 smd roundrect (at -4.65 3.175) (size 2.05 0.6) (layers F.Cu F.Paste F.Mask) (roundrect_rratio 0.25)
      (net 23 A0))
    (pad 9 smd roundrect (at -4.65 1.905) (size 2.05 0.6) (layers F.Cu F.Paste F.Mask) (roundrect_rratio 0.25)
      (net 22 A1))
    (pad 8 smd roundrect (at -4.65 0.635) (size 2.05 0.6) (layers F.Cu F.Paste F.Mask) (roundrect_rratio 0.25)
      (net 21 A2))
    (pad 7 smd roundrect (at -4.65 -0.635) (size 2.05 0.6) (layers F.Cu F.Paste F.Mask) (roundrect_rratio 0.25)
      (net 20 A3))
    (pad 6 smd roundrect (at -4.65 -1.905) (size 2.05 0.6) (layers F.Cu F.Paste F.Mask) (roundrect_rratio 0.25)
      (net 19 A4))
    (pad 5 smd roundrect (at -4.65 -3.175) (size 2.05 0.6) (layers F.Cu F.Paste F.Mask) (roundrect_rratio 0.25)
      (net 18 A5))
    (pad 4 smd roundrect (at -4.65 -4.445) (size 2.05 0.6) (layers F.Cu F.Paste F.Mask) (roundrect_rratio 0.25)
      (net 17 A6))
    (pad 3 smd roundrect (at -4.65 -5.715) (size 2.05 0.6) (layers F.Cu F.Paste F.Mask) (roundrect_rratio 0.25)
      (net 16 A7))
    (pad 2 smd roundrect (at -4.65 -6.985) (size 2.05 0.6) (layers F.Cu F.Paste F.Mask) (roundrect_rratio 0.25)
      (net 15 A12))
    (pad 1 smd roundrect (at -4.65 -8.255) (size 2.05 0.6) (layers F.Cu F.Paste F.Mask) (roundrect_rratio 0.25)
      (net 14 AA14))
    (model ${KISYS3DMOD}/Package_SO.3dshapes/SOIC-28W_7.5x17.9mm_P1.27mm.wrl
      (at (xyz 0 0 0))
      (scale (xyz 1 1 1))
      (rotate (xyz 0 0 0))
    )
  )

  (module Capacitor_SMD:C_0603_1608Metric locked (layer F.Cu) (tedit 5B301BBE) (tstamp 5C77E7FF)
    (at 163.119 93.726 180)
    (descr "Capacitor SMD 0603 (1608 Metric), square (rectangular) end terminal, IPC_7351 nominal, (Body size source: http://www.tortai-tech.com/upload/download/2011102023233369053.pdf), generated with kicad-footprint-generator")
    (tags capacitor)
    (path /5BE555BE)
    (attr smd)
    (fp_text reference C1 (at 0.051 1.524 180) (layer F.SilkS)
      (effects (font (size 1 1) (thickness 0.15)))
    )
    (fp_text value "0.1 uF" (at 0 1.43 180) (layer F.Fab)
      (effects (font (size 1 1) (thickness 0.15)))
    )
    (fp_text user %R (at 0 0 180) (layer F.Fab)
      (effects (font (size 0.4 0.4) (thickness 0.06)))
    )
    (fp_line (start 1.48 0.73) (end -1.48 0.73) (layer F.CrtYd) (width 0.05))
    (fp_line (start 1.48 -0.73) (end 1.48 0.73) (layer F.CrtYd) (width 0.05))
    (fp_line (start -1.48 -0.73) (end 1.48 -0.73) (layer F.CrtYd) (width 0.05))
    (fp_line (start -1.48 0.73) (end -1.48 -0.73) (layer F.CrtYd) (width 0.05))
    (fp_line (start -0.162779 0.51) (end 0.162779 0.51) (layer F.SilkS) (width 0.12))
    (fp_line (start -0.162779 -0.51) (end 0.162779 -0.51) (layer F.SilkS) (width 0.12))
    (fp_line (start 0.8 0.4) (end -0.8 0.4) (layer F.Fab) (width 0.1))
    (fp_line (start 0.8 -0.4) (end 0.8 0.4) (layer F.Fab) (width 0.1))
    (fp_line (start -0.8 -0.4) (end 0.8 -0.4) (layer F.Fab) (width 0.1))
    (fp_line (start -0.8 0.4) (end -0.8 -0.4) (layer F.Fab) (width 0.1))
    (pad 2 smd roundrect (at 0.7875 0 180) (size 0.875 0.95) (layers F.Cu F.Paste F.Mask) (roundrect_rratio 0.25)
      (net 11 VCC))
    (pad 1 smd roundrect (at -0.7875 0 180) (size 0.875 0.95) (layers F.Cu F.Paste F.Mask) (roundrect_rratio 0.25)
      (net 1 GND))
    (model ${KISYS3DMOD}/Capacitor_SMD.3dshapes/C_0603_1608Metric.wrl
      (at (xyz 0 0 0))
      (scale (xyz 1 1 1))
      (rotate (xyz 0 0 0))
    )
  )

  (module Capacitor_SMD:C_0603_1608Metric locked (layer F.Cu) (tedit 5B301BBE) (tstamp 5C77E80F)
    (at 163.042 118.11)
    (descr "Capacitor SMD 0603 (1608 Metric), square (rectangular) end terminal, IPC_7351 nominal, (Body size source: http://www.tortai-tech.com/upload/download/2011102023233369053.pdf), generated with kicad-footprint-generator")
    (tags capacitor)
    (path /5BE399F7)
    (attr smd)
    (fp_text reference C2 (at 0 1.524 180) (layer F.SilkS)
      (effects (font (size 1 1) (thickness 0.15)))
    )
    (fp_text value "0.1 uF" (at 0 1.43 180) (layer F.Fab)
      (effects (font (size 1 1) (thickness 0.15)))
    )
    (fp_text user %R (at 0 0 180) (layer F.Fab)
      (effects (font (size 0.4 0.4) (thickness 0.06)))
    )
    (fp_line (start 1.48 0.73) (end -1.48 0.73) (layer F.CrtYd) (width 0.05))
    (fp_line (start 1.48 -0.73) (end 1.48 0.73) (layer F.CrtYd) (width 0.05))
    (fp_line (start -1.48 -0.73) (end 1.48 -0.73) (layer F.CrtYd) (width 0.05))
    (fp_line (start -1.48 0.73) (end -1.48 -0.73) (layer F.CrtYd) (width 0.05))
    (fp_line (start -0.162779 0.51) (end 0.162779 0.51) (layer F.SilkS) (width 0.12))
    (fp_line (start -0.162779 -0.51) (end 0.162779 -0.51) (layer F.SilkS) (width 0.12))
    (fp_line (start 0.8 0.4) (end -0.8 0.4) (layer F.Fab) (width 0.1))
    (fp_line (start 0.8 -0.4) (end 0.8 0.4) (layer F.Fab) (width 0.1))
    (fp_line (start -0.8 -0.4) (end 0.8 -0.4) (layer F.Fab) (width 0.1))
    (fp_line (start -0.8 0.4) (end -0.8 -0.4) (layer F.Fab) (width 0.1))
    (pad 2 smd roundrect (at 0.7875 0) (size 0.875 0.95) (layers F.Cu F.Paste F.Mask) (roundrect_rratio 0.25)
      (net 1 GND))
    (pad 1 smd roundrect (at -0.7875 0) (size 0.875 0.95) (layers F.Cu F.Paste F.Mask) (roundrect_rratio 0.25)
      (net 11 VCC))
    (model ${KISYS3DMOD}/Capacitor_SMD.3dshapes/C_0603_1608Metric.wrl
      (at (xyz 0 0 0))
      (scale (xyz 1 1 1))
      (rotate (xyz 0 0 0))
    )
  )

  (module Capacitor_SMD:C_0603_1608Metric locked (layer F.Cu) (tedit 5B301BBE) (tstamp 5C77E81F)
    (at 135.864 96.266)
    (descr "Capacitor SMD 0603 (1608 Metric), square (rectangular) end terminal, IPC_7351 nominal, (Body size source: http://www.tortai-tech.com/upload/download/2011102023233369053.pdf), generated with kicad-footprint-generator")
    (tags capacitor)
    (path /5BDEEBDD)
    (attr smd)
    (fp_text reference C3 (at 0 -1.43) (layer F.SilkS)
      (effects (font (size 1 1) (thickness 0.15)))
    )
    (fp_text value "0.1 uF" (at 0 1.43) (layer F.Fab)
      (effects (font (size 1 1) (thickness 0.15)))
    )
    (fp_text user %R (at 0 0) (layer F.Fab)
      (effects (font (size 0.4 0.4) (thickness 0.06)))
    )
    (fp_line (start 1.48 0.73) (end -1.48 0.73) (layer F.CrtYd) (width 0.05))
    (fp_line (start 1.48 -0.73) (end 1.48 0.73) (layer F.CrtYd) (width 0.05))
    (fp_line (start -1.48 -0.73) (end 1.48 -0.73) (layer F.CrtYd) (width 0.05))
    (fp_line (start -1.48 0.73) (end -1.48 -0.73) (layer F.CrtYd) (width 0.05))
    (fp_line (start -0.162779 0.51) (end 0.162779 0.51) (layer F.SilkS) (width 0.12))
    (fp_line (start -0.162779 -0.51) (end 0.162779 -0.51) (layer F.SilkS) (width 0.12))
    (fp_line (start 0.8 0.4) (end -0.8 0.4) (layer F.Fab) (width 0.1))
    (fp_line (start 0.8 -0.4) (end 0.8 0.4) (layer F.Fab) (width 0.1))
    (fp_line (start -0.8 -0.4) (end 0.8 -0.4) (layer F.Fab) (width 0.1))
    (fp_line (start -0.8 0.4) (end -0.8 -0.4) (layer F.Fab) (width 0.1))
    (pad 2 smd roundrect (at 0.7875 0) (size 0.875 0.95) (layers F.Cu F.Paste F.Mask) (roundrect_rratio 0.25)
      (net 11 VCC))
    (pad 1 smd roundrect (at -0.7875 0) (size 0.875 0.95) (layers F.Cu F.Paste F.Mask) (roundrect_rratio 0.25)
      (net 1 GND))
    (model ${KISYS3DMOD}/Capacitor_SMD.3dshapes/C_0603_1608Metric.wrl
      (at (xyz 0 0 0))
      (scale (xyz 1 1 1))
      (rotate (xyz 0 0 0))
    )
  )

  (module Capacitor_SMD:C_0603_1608Metric locked (layer F.Cu) (tedit 5B301BBE) (tstamp 5C77E82F)
    (at 131.546 80.264 180)
    (descr "Capacitor SMD 0603 (1608 Metric), square (rectangular) end terminal, IPC_7351 nominal, (Body size source: http://www.tortai-tech.com/upload/download/2011102023233369053.pdf), generated with kicad-footprint-generator")
    (tags capacitor)
    (path /5BD894FF)
    (attr smd)
    (fp_text reference C4 (at -0.0255 1.524 180) (layer F.SilkS)
      (effects (font (size 1 1) (thickness 0.15)))
    )
    (fp_text value "15 pF" (at 0 1.43 180) (layer F.Fab)
      (effects (font (size 1 1) (thickness 0.15)))
    )
    (fp_line (start -0.8 0.4) (end -0.8 -0.4) (layer F.Fab) (width 0.1))
    (fp_line (start -0.8 -0.4) (end 0.8 -0.4) (layer F.Fab) (width 0.1))
    (fp_line (start 0.8 -0.4) (end 0.8 0.4) (layer F.Fab) (width 0.1))
    (fp_line (start 0.8 0.4) (end -0.8 0.4) (layer F.Fab) (width 0.1))
    (fp_line (start -0.162779 -0.51) (end 0.162779 -0.51) (layer F.SilkS) (width 0.12))
    (fp_line (start -0.162779 0.51) (end 0.162779 0.51) (layer F.SilkS) (width 0.12))
    (fp_line (start -1.48 0.73) (end -1.48 -0.73) (layer F.CrtYd) (width 0.05))
    (fp_line (start -1.48 -0.73) (end 1.48 -0.73) (layer F.CrtYd) (width 0.05))
    (fp_line (start 1.48 -0.73) (end 1.48 0.73) (layer F.CrtYd) (width 0.05))
    (fp_line (start 1.48 0.73) (end -1.48 0.73) (layer F.CrtYd) (width 0.05))
    (fp_text user %R (at 0 0 180) (layer F.Fab)
      (effects (font (size 0.4 0.4) (thickness 0.06)))
    )
    (pad 1 smd roundrect (at -0.7875 0 180) (size 0.875 0.95) (layers F.Cu F.Paste F.Mask) (roundrect_rratio 0.25)
      (net 12 XIN))
    (pad 2 smd roundrect (at 0.7875 0 180) (size 0.875 0.95) (layers F.Cu F.Paste F.Mask) (roundrect_rratio 0.25)
      (net 1 GND))
    (model ${KISYS3DMOD}/Capacitor_SMD.3dshapes/C_0603_1608Metric.wrl
      (at (xyz 0 0 0))
      (scale (xyz 1 1 1))
      (rotate (xyz 0 0 0))
    )
  )

  (module Capacitor_SMD:C_0603_1608Metric locked (layer F.Cu) (tedit 5B301BBE) (tstamp 5C77E83F)
    (at 120.396 82.5755 90)
    (descr "Capacitor SMD 0603 (1608 Metric), square (rectangular) end terminal, IPC_7351 nominal, (Body size source: http://www.tortai-tech.com/upload/download/2011102023233369053.pdf), generated with kicad-footprint-generator")
    (tags capacitor)
    (path /5BD89478)
    (attr smd)
    (fp_text reference C5 (at 0 -1.43 90) (layer F.SilkS)
      (effects (font (size 1 1) (thickness 0.15)))
    )
    (fp_text value "15 pF" (at 0 1.43 90) (layer F.Fab)
      (effects (font (size 1 1) (thickness 0.15)))
    )
    (fp_text user %R (at 0 0 90) (layer F.Fab)
      (effects (font (size 0.4 0.4) (thickness 0.06)))
    )
    (fp_line (start 1.48 0.73) (end -1.48 0.73) (layer F.CrtYd) (width 0.05))
    (fp_line (start 1.48 -0.73) (end 1.48 0.73) (layer F.CrtYd) (width 0.05))
    (fp_line (start -1.48 -0.73) (end 1.48 -0.73) (layer F.CrtYd) (width 0.05))
    (fp_line (start -1.48 0.73) (end -1.48 -0.73) (layer F.CrtYd) (width 0.05))
    (fp_line (start -0.162779 0.51) (end 0.162779 0.51) (layer F.SilkS) (width 0.12))
    (fp_line (start -0.162779 -0.51) (end 0.162779 -0.51) (layer F.SilkS) (width 0.12))
    (fp_line (start 0.8 0.4) (end -0.8 0.4) (layer F.Fab) (width 0.1))
    (fp_line (start 0.8 -0.4) (end 0.8 0.4) (layer F.Fab) (width 0.1))
    (fp_line (start -0.8 -0.4) (end 0.8 -0.4) (layer F.Fab) (width 0.1))
    (fp_line (start -0.8 0.4) (end -0.8 -0.4) (layer F.Fab) (width 0.1))
    (pad 2 smd roundrect (at 0.7875 0 90) (size 0.875 0.95) (layers F.Cu F.Paste F.Mask) (roundrect_rratio 0.25)
      (net 5 "Net-(C5-Pad2)"))
    (pad 1 smd roundrect (at -0.7875 0 90) (size 0.875 0.95) (layers F.Cu F.Paste F.Mask) (roundrect_rratio 0.25)
      (net 1 GND))
    (model ${KISYS3DMOD}/Capacitor_SMD.3dshapes/C_0603_1608Metric.wrl
      (at (xyz 0 0 0))
      (scale (xyz 1 1 1))
      (rotate (xyz 0 0 0))
    )
  )

  (module Capacitor_SMD:C_0603_1608Metric locked (layer F.Cu) (tedit 5B301BBE) (tstamp 5C77E84F)
    (at 120.396 88.4175 90)
    (descr "Capacitor SMD 0603 (1608 Metric), square (rectangular) end terminal, IPC_7351 nominal, (Body size source: http://www.tortai-tech.com/upload/download/2011102023233369053.pdf), generated with kicad-footprint-generator")
    (tags capacitor)
    (path /5BCBDA23)
    (attr smd)
    (fp_text reference C6 (at 0 -1.43 90) (layer F.SilkS)
      (effects (font (size 1 1) (thickness 0.15)))
    )
    (fp_text value "0.1 uF" (at 0 1.43 90) (layer F.Fab)
      (effects (font (size 1 1) (thickness 0.15)))
    )
    (fp_line (start -0.8 0.4) (end -0.8 -0.4) (layer F.Fab) (width 0.1))
    (fp_line (start -0.8 -0.4) (end 0.8 -0.4) (layer F.Fab) (width 0.1))
    (fp_line (start 0.8 -0.4) (end 0.8 0.4) (layer F.Fab) (width 0.1))
    (fp_line (start 0.8 0.4) (end -0.8 0.4) (layer F.Fab) (width 0.1))
    (fp_line (start -0.162779 -0.51) (end 0.162779 -0.51) (layer F.SilkS) (width 0.12))
    (fp_line (start -0.162779 0.51) (end 0.162779 0.51) (layer F.SilkS) (width 0.12))
    (fp_line (start -1.48 0.73) (end -1.48 -0.73) (layer F.CrtYd) (width 0.05))
    (fp_line (start -1.48 -0.73) (end 1.48 -0.73) (layer F.CrtYd) (width 0.05))
    (fp_line (start 1.48 -0.73) (end 1.48 0.73) (layer F.CrtYd) (width 0.05))
    (fp_line (start 1.48 0.73) (end -1.48 0.73) (layer F.CrtYd) (width 0.05))
    (fp_text user %R (at 0 0 90) (layer F.Fab)
      (effects (font (size 0.4 0.4) (thickness 0.06)))
    )
    (pad 1 smd roundrect (at -0.7875 0 90) (size 0.875 0.95) (layers F.Cu F.Paste F.Mask) (roundrect_rratio 0.25)
      (net 13 PWR))
    (pad 2 smd roundrect (at 0.7875 0 90) (size 0.875 0.95) (layers F.Cu F.Paste F.Mask) (roundrect_rratio 0.25)
      (net 1 GND))
    (model ${KISYS3DMOD}/Capacitor_SMD.3dshapes/C_0603_1608Metric.wrl
      (at (xyz 0 0 0))
      (scale (xyz 1 1 1))
      (rotate (xyz 0 0 0))
    )
  )

  (module Capacitor_SMD:C_0603_1608Metric locked (layer F.Cu) (tedit 5B301BBE) (tstamp 5C77E85F)
    (at 121.412 109.728 90)
    (descr "Capacitor SMD 0603 (1608 Metric), square (rectangular) end terminal, IPC_7351 nominal, (Body size source: http://www.tortai-tech.com/upload/download/2011102023233369053.pdf), generated with kicad-footprint-generator")
    (tags capacitor)
    (path /5BE91543)
    (attr smd)
    (fp_text reference C7 (at 0 -1.43 90) (layer F.SilkS)
      (effects (font (size 1 1) (thickness 0.15)))
    )
    (fp_text value "0.1 uF" (at 0 1.43 90) (layer F.Fab)
      (effects (font (size 1 1) (thickness 0.15)))
    )
    (fp_line (start -0.8 0.4) (end -0.8 -0.4) (layer F.Fab) (width 0.1))
    (fp_line (start -0.8 -0.4) (end 0.8 -0.4) (layer F.Fab) (width 0.1))
    (fp_line (start 0.8 -0.4) (end 0.8 0.4) (layer F.Fab) (width 0.1))
    (fp_line (start 0.8 0.4) (end -0.8 0.4) (layer F.Fab) (width 0.1))
    (fp_line (start -0.162779 -0.51) (end 0.162779 -0.51) (layer F.SilkS) (width 0.12))
    (fp_line (start -0.162779 0.51) (end 0.162779 0.51) (layer F.SilkS) (width 0.12))
    (fp_line (start -1.48 0.73) (end -1.48 -0.73) (layer F.CrtYd) (width 0.05))
    (fp_line (start -1.48 -0.73) (end 1.48 -0.73) (layer F.CrtYd) (width 0.05))
    (fp_line (start 1.48 -0.73) (end 1.48 0.73) (layer F.CrtYd) (width 0.05))
    (fp_line (start 1.48 0.73) (end -1.48 0.73) (layer F.CrtYd) (width 0.05))
    (fp_text user %R (at 0 0 90) (layer F.Fab)
      (effects (font (size 0.4 0.4) (thickness 0.06)))
    )
    (pad 1 smd roundrect (at -0.7875 0 90) (size 0.875 0.95) (layers F.Cu F.Paste F.Mask) (roundrect_rratio 0.25)
      (net 1 GND))
    (pad 2 smd roundrect (at 0.7875 0 90) (size 0.875 0.95) (layers F.Cu F.Paste F.Mask) (roundrect_rratio 0.25)
      (net 11 VCC))
    (model ${KISYS3DMOD}/Capacitor_SMD.3dshapes/C_0603_1608Metric.wrl
      (at (xyz 0 0 0))
      (scale (xyz 1 1 1))
      (rotate (xyz 0 0 0))
    )
  )

  (module Resistor_SMD:R_0603_1608Metric locked (layer F.Cu) (tedit 5B301BBD) (tstamp 5C77E86F)
    (at 125.476 80.264)
    (descr "Resistor SMD 0603 (1608 Metric), square (rectangular) end terminal, IPC_7351 nominal, (Body size source: http://www.tortai-tech.com/upload/download/2011102023233369053.pdf), generated with kicad-footprint-generator")
    (tags resistor)
    (path /5BD9147D)
    (attr smd)
    (fp_text reference R1 (at 0 -1.43) (layer F.SilkS)
      (effects (font (size 1 1) (thickness 0.15)))
    )
    (fp_text value 300Kohm (at 0 1.43) (layer F.Fab)
      (effects (font (size 1 1) (thickness 0.15)))
    )
    (fp_line (start -0.8 0.4) (end -0.8 -0.4) (layer F.Fab) (width 0.1))
    (fp_line (start -0.8 -0.4) (end 0.8 -0.4) (layer F.Fab) (width 0.1))
    (fp_line (start 0.8 -0.4) (end 0.8 0.4) (layer F.Fab) (width 0.1))
    (fp_line (start 0.8 0.4) (end -0.8 0.4) (layer F.Fab) (width 0.1))
    (fp_line (start -0.162779 -0.51) (end 0.162779 -0.51) (layer F.SilkS) (width 0.12))
    (fp_line (start -0.162779 0.51) (end 0.162779 0.51) (layer F.SilkS) (width 0.12))
    (fp_line (start -1.48 0.73) (end -1.48 -0.73) (layer F.CrtYd) (width 0.05))
    (fp_line (start -1.48 -0.73) (end 1.48 -0.73) (layer F.CrtYd) (width 0.05))
    (fp_line (start 1.48 -0.73) (end 1.48 0.73) (layer F.CrtYd) (width 0.05))
    (fp_line (start 1.48 0.73) (end -1.48 0.73) (layer F.CrtYd) (width 0.05))
    (fp_text user %R (at 0 0) (layer F.Fab)
      (effects (font (size 0.4 0.4) (thickness 0.06)))
    )
    (pad 1 smd roundrect (at -0.7875 0) (size 0.875 0.95) (layers F.Cu F.Paste F.Mask) (roundrect_rratio 0.25)
      (net 40 XOUT))
    (pad 2 smd roundrect (at 0.7875 0) (size 0.875 0.95) (layers F.Cu F.Paste F.Mask) (roundrect_rratio 0.25)
      (net 5 "Net-(C5-Pad2)"))
    (model ${KISYS3DMOD}/Resistor_SMD.3dshapes/R_0603_1608Metric.wrl
      (at (xyz 0 0 0))
      (scale (xyz 1 1 1))
      (rotate (xyz 0 0 0))
    )
  )

  (module Resistor_SMD:R_0603_1608Metric locked (layer F.Cu) (tedit 5B301BBD) (tstamp 5C77E87F)
    (at 138.43 106.172 90)
    (descr "Resistor SMD 0603 (1608 Metric), square (rectangular) end terminal, IPC_7351 nominal, (Body size source: http://www.tortai-tech.com/upload/download/2011102023233369053.pdf), generated with kicad-footprint-generator")
    (tags resistor)
    (path /5BE8189D)
    (attr smd)
    (fp_text reference R2 (at 0 1.524 90) (layer F.SilkS)
      (effects (font (size 1 1) (thickness 0.15)))
    )
    (fp_text value "10 Kohm" (at 0 1.43 90) (layer F.Fab)
      (effects (font (size 1 1) (thickness 0.15)))
    )
    (fp_text user %R (at 0 0 90) (layer F.Fab)
      (effects (font (size 0.4 0.4) (thickness 0.06)))
    )
    (fp_line (start 1.48 0.73) (end -1.48 0.73) (layer F.CrtYd) (width 0.05))
    (fp_line (start 1.48 -0.73) (end 1.48 0.73) (layer F.CrtYd) (width 0.05))
    (fp_line (start -1.48 -0.73) (end 1.48 -0.73) (layer F.CrtYd) (width 0.05))
    (fp_line (start -1.48 0.73) (end -1.48 -0.73) (layer F.CrtYd) (width 0.05))
    (fp_line (start -0.162779 0.51) (end 0.162779 0.51) (layer F.SilkS) (width 0.12))
    (fp_line (start -0.162779 -0.51) (end 0.162779 -0.51) (layer F.SilkS) (width 0.12))
    (fp_line (start 0.8 0.4) (end -0.8 0.4) (layer F.Fab) (width 0.1))
    (fp_line (start 0.8 -0.4) (end 0.8 0.4) (layer F.Fab) (width 0.1))
    (fp_line (start -0.8 -0.4) (end 0.8 -0.4) (layer F.Fab) (width 0.1))
    (fp_line (start -0.8 0.4) (end -0.8 -0.4) (layer F.Fab) (width 0.1))
    (pad 2 smd roundrect (at 0.7875 0 90) (size 0.875 0.95) (layers F.Cu F.Paste F.Mask) (roundrect_rratio 0.25)
      (net 11 VCC))
    (pad 1 smd roundrect (at -0.7875 0 90) (size 0.875 0.95) (layers F.Cu F.Paste F.Mask) (roundrect_rratio 0.25)
      (net 32 "#CE"))
    (model ${KISYS3DMOD}/Resistor_SMD.3dshapes/R_0603_1608Metric.wrl
      (at (xyz 0 0 0))
      (scale (xyz 1 1 1))
      (rotate (xyz 0 0 0))
    )
  )

  (module Resistor_SMD:R_0603_1608Metric locked (layer F.Cu) (tedit 5B301BBD) (tstamp 5C77E88F)
    (at 140.208 83.2865 90)
    (descr "Resistor SMD 0603 (1608 Metric), square (rectangular) end terminal, IPC_7351 nominal, (Body size source: http://www.tortai-tech.com/upload/download/2011102023233369053.pdf), generated with kicad-footprint-generator")
    (tags resistor)
    (path /5BF73377)
    (attr smd)
    (fp_text reference R3 (at 0 -1.43 90) (layer F.SilkS)
      (effects (font (size 1 1) (thickness 0.15)))
    )
    (fp_text value "1 Kohm" (at 0 1.43 90) (layer F.Fab)
      (effects (font (size 1 1) (thickness 0.15)))
    )
    (fp_line (start -0.8 0.4) (end -0.8 -0.4) (layer F.Fab) (width 0.1))
    (fp_line (start -0.8 -0.4) (end 0.8 -0.4) (layer F.Fab) (width 0.1))
    (fp_line (start 0.8 -0.4) (end 0.8 0.4) (layer F.Fab) (width 0.1))
    (fp_line (start 0.8 0.4) (end -0.8 0.4) (layer F.Fab) (width 0.1))
    (fp_line (start -0.162779 -0.51) (end 0.162779 -0.51) (layer F.SilkS) (width 0.12))
    (fp_line (start -0.162779 0.51) (end 0.162779 0.51) (layer F.SilkS) (width 0.12))
    (fp_line (start -1.48 0.73) (end -1.48 -0.73) (layer F.CrtYd) (width 0.05))
    (fp_line (start -1.48 -0.73) (end 1.48 -0.73) (layer F.CrtYd) (width 0.05))
    (fp_line (start 1.48 -0.73) (end 1.48 0.73) (layer F.CrtYd) (width 0.05))
